[metadata]
addr = 0x1f76f24
size = 0x2ff
last_change = 2024-03-29T16:58:29.996577Z

[header]
last_change = 2024-03-29T16:58:29.996577Z
addr = 0x1f76f24

[header.args.1]
offset = 0x1
type = "uint"
